1.82253
0.7508187
2.953673
1.323381
1.936133
1.527693
1.138798
1.930944
1.467318
1.017357
0.9787984
0.5315521
3.22709
1.257578
1.442482
2.04727
0.5551584
2.874559
2.009462
2.057556
2.38092
1.224057
2.526513
0.9276307
1.336758
0.07712018
3.010808
0.06905841
1.02976
2.237709
2.967074
-0.1260872
0.5855411
2.035657
1.314074
1.239219
1.513013
1.095952
2.199707
3.574894
2.024536
0.260416
3.902151
2.072121
0.8761815
2.197588
0.8199457
1.619656
2.406788
2.687951
3.563749
0.5551213
-0.05177139
2.569241
4.251554
0.6673907
3.275185
1.052591
1.494901
2.789579
3.390976
-0.2431597
0.9306622
1.873688
3.971172
1.933866
1.892612
2.691339
1.66325
0.9975388
0.9876768
2.601223
2.048975
1.754783
0.4103983
2.573946
1.915401
0.967338
1.656502
0.193443
1.898949
3.188955
2.298884
2.189339
1.970265
1.280746
1.300939
1.067462
2.398256
1.467277
2.192769
1.990048
1.599225
0.9619519
2.243508
3.319905
0.4699022
2.823521
2.242616
1.595945
2.02833
0.9432484
2.813066
2.547767
2.154917
3.073348
2.817195
2.846582
1.137139
3.964384
1.836693
1.803374
1.729015
1.11389
1.83675
2.145279
2.214831
0.8226377
2.694331
0.4788726
1.235102
1.214254
3.016233
1.788679
0.9881585
3.03315
1.021206
1.183542
1.857057
2.953625
2.510348
2.208398
2.923354
0.254656
0.5129085
1.984347
2.008497
0.9726831
0.9417093
2.814227
2.653878
1.095197
2.47835
1.104783
1.233513
1.724262
2.591923
0.9362113
3.241788
1.073287
2.800726
2.30016
0.3014257
1.835023
3.57699
1.57925
0.8062794
0.4876098
2.037533
4.652277
1.438956
1.635894
2.662292
2.745287
1.560137
0.6218718
3.827766
2.865644
0.6573887
-0.0576733
0.2789917
0.8078614
2.306464
3.070062
2.502533
0.4240922
2.156359
0.7198332
1.746989
1.311964
2.649077
2.138212
1.636478
3.379479
0.2594931
1.787618
2.347579
2.282326
3.089262
1.472026
2.091136
3.350397
2.815467
1.392037
1.268777
2.480812
0.8975037
1.870344
2.48362
1.785948
-0.3618605
1.831176
2.052449
2.50826
0.6133738
1.703099
-0.1316006
1.175623
0.7183491
3.348004
2.496084
0.9626354
1.375756
1.477322
3.558048
0.8285391
2.137888
2.237349
1.405615
1.106368
2.591816
1.710978
0.0397086
1.590648
1.105197
1.825927
2.101226
2.375744
0.2568269
0.768335
2.143821
1.813235
1.039819
1.681481
0.4226087
1.220543
0.4852656
3.071434
1.523082
2.002011
2.615849
2.275803
0.4599641
1.278051
1.561769
2.937872
2.260572
3.395632
0.09377442
1.974322
1.686228
2.395134
1.890328
1.486744
-0.162004
0.9718685
0.8174788
1.629
1.327627
3.550838
0.9096223
2.891094
2.297353
1.680299
3.404469
3.620112
2.651905
2.215521
0.9446891
2.11245
3.124182
2.79378
1.371243
1.805597
1.146292
1.49888
1.356508
1.618139
0.587719
1.192064
2.427384
3.778312
0.4184334
1.917461
1.811913
2.640587
2.643722
1.191073
1.508886
2.719895
0.007335432
1.935647
2.677125
1.003279
2.006347
2.676766
2.521653
1.281684
2.125816
0.7229803
2.431446
2.422796
-0.1823872
1.12771
1.042245
1.845125
2.568683
2.59362
2.692999
0.8821797
2.744264
1.233746
2.444929
2.212734
2.955348
1.807628
2.767842
1.642378
2.544084
2.737781
2.159656
2.411915
1.281019
2.103779
2.027111
-0.634765
2.583947
1.165142
1.317071
0.6427814
1.450687
0.7539234
3.770627
0.9646341
1.12515
2.023468
1.265973
2.952956
1.840951
1.799424
2.928905
2.997821
0.4974244
1.051808
2.536311
0.3872098
2.05532
2.169772
1.392123
0.9492167
0.5615854
2.17401
1.815845
2.437993
1.282392
1.265469
1.42535
3.277113
2.047164
0.8366205
2.268367
2.524163
-0.09416212
1.713641
2.202423
1.167423
2.010273
1.341412
2.318058
3.340804
1.940799
0.1895052
2.928596
1.29496
1.363661
3.124121
1.259509
1.16931
2.517617
1.803318
2.700937
3.280582
2.059026
3.516574
0.9200313
1.107846
2.588793
2.507342
2.38981
1.77683
1.700084
1.511895
2.018779
0.4926401
1.869647
1.149401
1.603668
3.619758
3.565931
1.5755
1.682138
2.063922
2.345678
1.764344
1.618993
1.629091
2.110011
0.9978299
0.715679
3.066858
1.472668
2.940514
1.487726
1.854011
1.159923
1.058425
1.711658
1.517367
2.85865
2.651862
3.023
0.200234
1.544181
0.7607133
1.685492
1.731634
2.176291
2.532343
3.178802
2.096893
1.149996
2.614133
0.6623496
2.773973
1.222612
3.911209
4.058916
1.133135
1.444186
1.813916
-0.6094173
1.714192
2.016668
2.295093
2.010201
3.324159
2.079098
3.745365
1.225213
2.277428
-0.1920809
1.432424
0.7442923
0.07184317
1.72524
2.31215
2.227429
0.353564
4.880125
1.549016
2.21851
2.225604
3.178076
1.309903
0.5525259
0.9940629
-0.6771383
1.688915
2.325617
2.772421
1.969111
0.8300505
2.53317
2.251469
2.574277
2.597645
0.8529689
1.034207
1.184968
0.654339
2.093904
2.86296
2.411969
1.263359
1.990566
1.783232
0.1954183
3.114679
1.421613
1.365669
1.805941
1.717959
2.291018
0.6231225
1.833055
1.179074
2.079935
3.024756
2.51989
2.364982
